x.min:	0.00671821 | x.max:	0.239436 | y.mode:	a | y.ent:	0
x.min:	0.400105 | x.max:	0.441788 | y.mode:	b | y.ent:	0
x.min:	0.601529 | x.max:	0.846957 | y.mode:	c | y.ent:	0
